    7777777777777   3333333   7777777777777   8888888      44444   2222222        
     777777777777  333333333   777777777777  888888888    444 44  222   222 
     77      777  333     333   77     777  888     888  444  44 222     222 
            777          333          777    888   888  444   44        222 
           777         3333          777      8888888   444444444      222                  
          777            333        777      888   888  444444444     222        
         777      333     333      777      888     888       44    2222
        777        333333333      777        888888888        44   222222222         
       777          3333333      777          8888888         44  2222222222
_______________________________________________________________________________________________________________________________________________________________________________________________________________________________________________________________

The Files included
- savegame.svg
- savegame.foo
- Modio.exe
- Instructions

Game Code
415608C3

_______________________________________________________________________________________________________________________________________________________________________________________________________________________________________________________________

Notes
-Modio Must Be Run As Administrator 
-Please SEED!
-Please SEED!